EE30160E21280021815G35+0NN022WXW00034"
0 00:05:00 12.8,7.9,0.01,100
 EE302D4621280051815G27+0NN022WXW00034"
0 00:05:00 12.8,6.5,0.03,100
 EE3030E221280061815G29-0NN022WXW00034"
0 00:05:00 12.7,4.6,0.05,100
 EE303E3021279191815G33+0HN022WXW00034 
0 12:05:00 12.7,6.9,0.03,100
 EE30467221279201815G38+0NN022WXW00034 
0 12:05:00 12.7,1.6,0.03,100
 EE3048A021279211815G40+0NN022WXW00034 
0 12:05:00 12.7,1.2,0.03,100
 EE30160E21280141815G36+0NN022WXW00034 
0 12:05:00 12.7,1.0,0.01,100
 EE302D4621280171815G29+0NN022WXW00035 
0 12:05:00 12.8,-0.5,0.03,100
 EE303E3021280071815G30+0HN022WXW00034"
0 00:05:00 12.7,4.9,0.03,100
 EE30467221280081815G36+0NN022WXW00034"
0 00:05:00 12.7,6.0,0.03,100
 EE3048A021280091815G41+0NN022WXW00034"
0 00:05:00 12.8,6.9,0.03,100
 EE30160E21281021815G35+0NN022WXW00034"
0 00:05:00 12.7,7.9,0.00,100
 EE302D4621281051815G27+0HN022WXW00034"
0 00:05:00 12.8,6.0,0.03,100
 EE3030E221281061815G29-0HN022WXW00034"
0 00:05:00 12.7,5.8,0.04,100
 EE303E3021280191815G32+0HN022WXW00035 
0 12:05:00 12.7,-0.1,0.04,100
 EE30467221280201815G37+0NN022WXW00035 
0 12:05:00 12.7,-1.3,0.03,100
 EE3048A021280211815G40+0NN022WXW00035 
0 12:05:00 12.6,-2.1,0.03,100
 EE30160E21281141815G34+0NN022WXW00035 
0 12:05:00 12.7,-0.6,0.01,100
 EE302D4621281171815G28+0HN022WXW00035 
0 12:05:00 12.8,-0.8,0.03,100
 EE3030E221281181815G26-0HN022WXW00034 
0 12:05:00 12.7,0.6,0.04,100
 EE303E3021281071815G29+0NN022WXW00034"
0 00:05:00 12.7,5.4,0.03,100
 EE30467221281081815G36+0NN022WXW00034"
0 00:05:00 12.7,4.6,0.03,100
 EE3048A021281091815G40+0NN022WXW00034"
0 00:05:00 12.8,6.1,0.03,100
 EE30160E21282021815G35+0NN022WXW00034"
0 00:05:00 12.7,7.0,0.00,100
 EE302D4621282051815G27+0HN022WXW00034"
0 00:05:00 12.8,6.3,0.03,100
 EE3030E221282061815G29-0NN022WXW00034"
0 00:05:00 12.7,7.1,0.04,100
 EE303E3021281191814G31+0NN022WUP00035 
0 12:05:00 12.7,-0.6,0.03,100
 EE30467221281201815G38+0NN022WXW00035 
0 12:05:00 12.7,-1.9,0.03,100
 EE3048A021281211815G40+0NN022WXW00035 
0 12:05:00 12.6,-2.9,0.03,100
 EE30160E21282141815G35+0NN022WXW00035 
0 12:05:00 12.7,-0.1,0.00,100
 EE302D4621282171815G27+0HN022WXW00035 
0 12:05:00 12.8,-0.3,0.03,100
 EE303E3021282071815G30+0NN022WXW00034"
0 00:05:00 12.7,6.4,0.03,100
 EE30467221282081815G36+0NN022WXW00034"
0 00:05:00 12.7,4.3,0.03,100
 EE3048A021282091815G40+0NN022WXW00034"
0 00:05:00 12.8,5.6,0.03,100
 EE30160E21283021815G35+0NN022WXW00034"
0 00:05:00 12.7,7.6,0.00,100
 EE302D4621283051815G28+0HN022WXW00034"
0 00:05:00 12.8,6.3,0.03,100
 EE3030E221283061815G28-0HN022WXW00034"
0 00:05:00 12.7,6.9,0.04,100
 EE303E3021282191815G32+0HN022WXW00034 
0 12:05:00 12.7,0.6,0.04,100
 EE30467221282201815G37+0NN022WXW00035 
0 12:05:00 12.7,-0.6,0.03,100
 EE3048A021282211815G39+0NN022WXW00035 
0 12:05:00 12.6,-1.7,0.03,100
 EE30160E21283141815G36+0HN022WXW00034 
0 12:05:00 12.7,5.0,0.00,100
 EE302D4621283171815G28+0NN022WXW00034 
0 12:05:00 12.8,5.1,0.03,100
 EE303E3021283071815G30+0NN022WXW00034"
0 00:05:00 12.7,6.7,0.03,100
 EE30467221283081815G37+0NN022WXW00034"
0 00:05:00 12.7,6.9,0.03,100
 EE3048A021283091815G41+0NN022WXW00034"
0 00:05:00 12.8,6.6,0.03,100
 EE302D4621285171815G27+0HN022WXW00035 
0 12:05:00 12.7,-2.4,0.04,100
 EE303E3021285191815G32+0HN022WXW00035 
0 12:05:00 12.6,-2.5,0.04,100
 EE30467221285201815G37+0NN022WXW00035 
0 12:05:00 12.7,-4.3,0.03,100
 EE3048A021285211815G40+0NN022WXW00035 
0 12:05:00 12.6,-5.2,0.04,100
 EE302D4621286051815G28+0HN022WXW00034"
0 00:05:00 12.7,2.3,0.04,100
 EE303E3021285191815G32+0HN022WXW00035 
0 12:05:00 12.6,-2.5,0.04,100
 EE30467221285201815G37+0NN022WXW00035 
0 12:05:00 12.7,-4.3,0.03,100
 EE3048A021285211815G40+0NN022WXW00035 
0 12:05:00 12.6,-5.2,0.04,100
 EE302D4621286171815G28+0NN022WXW00035 
0 12:05:00 12.7,-0.3,0.04,100
 EE303E3021286071815G31+0NN022WXW00034"
0 00:05:00 12.7,2.6,0.04,100
 EE30467221286081815G37+0NN022WXW00034"
0 00:05:00 12.7,2.3,0.03,100
 EE3048A021286091815G41+0NN022WXW00034"
0 00:05:00 12.7,2.1,0.03,100
 EE302D4621287051815G28+0NN022WXW00034"
0 00:05:00 12.7,1.5,0.04,100
 EE303E3021286191815G33+0NN022WXW00035 
0 12:05:00 12.7,-0.1,0.04,100
 EE30467221286201815G38+0NN022WXW00035 
0 12:05:00 12.7,-1.3,0.04,100
 EE3048A021286211815G41+0NN022WXW00035 
0 12:05:00 12.6,-1.9,0.04,100
 EE302D4621287171815G29+0NN022WXW00035 
0 12:05:00 12.7,-1.2,0.04,100
 EE303E3021287071815G30+0HN022WXW00034"
0 00:05:00 12.7,0.1,0.04,100
 EE30467221287081815G37+0NN022WXW00034"
0 00:05:00 12.7,0.4,0.04,100
 EE3048A021287091815G41+0NN022WXW00034"
0 00:05:00 12.7,0.2,0.04,100
 EE302D4621288051815G28+0NN022WXW00034"
0 00:05:00 12.7,4.4,0.03,100
 EE303E3021287191815G33+0HN022WXW00035 
0 12:05:00 12.7,-0.8,0.04,100
 EE30467221287201815G37+0NN022WXW00035 
0 12:05:00 12.7,-3.4,0.04,100
 EE3048A021287211815G40+0NN022WXW00035 
0 12:05:00 12.6,-4.1,0.04,100
 EE302D4621288171815G28+0HN022WXW00034 
0 12:05:00 12.7,3.0,0.04,100
 EE303E3021288071815G30+0NN022WXW00034"
0 00:05:00 12.7,2.8,0.04,100
 EE30467221288081815G37+0NN022WXW00034"
0 00:05:00 12.7,3.0,0.04,100
 EE3048A021288091815G40+0NN022WXW00034"
0 00:05:00 12.7,3.1,0.03,100
 EE302D4621289051815G28+0NN022WXW00034"
0 00:05:00 12.7,6.0,0.03,100
 EE303E3021288191815G32+0NN022WXW00034 
0 12:05:00 12.7,3.1,0.04,100
 EE30467221288201815G37+0NN022WXW00034 
0 12:05:00 12.7,0.8,0.04,100
 EE3048A021288211815G40+0NN022WXW00035 
0 12:05:00 12.6,-0.2,0.03,100
 EE302D4621289171815G29+0NN022WXW00034 
0 12:05:00 12.7,3.5,0.04,100
 EE303E3021289071815G31+0HN022WXW00034"
0 00:05:00 12.7,5.0,0.04,100
 EE30467221289081815G37+0NN022WXW00034"
0 00:05:00 12.7,5.5,0.04,100
 EE3048A021289091815G41+0NN022WXW00034"
0 00:05:00 12.8,5.2,0.03,100
 EE302D4621290051815G27+0HN022WXW00034"
0 00:05:00 12.7,7.4,0.04,100
 EE303E3021289191815G32+0NN022WXW00034 
0 12:05:00 12.7,3.5,0.04,100
 EE30467221289201815G37+0NN022WXW00034 
0 12:05:00 12.7,3.4,0.04,100
 EE3048A021289211815G40+0NN022WXW00034 
0 12:05:00 12.6,2.8,0.04,100
 EE302D4621290171815G29+0NN022WXW00034 
0 12:05:00 12.7,2.0,0.03,100
 EE303E3021290071815G30+0NN022WXW00034"
0 00:05:00 12.7,6.7,0.03,100
 EE30467221290081815G37+0NN022WXW00034"
0 00:05:00 12.7,6.9,0.03,100
 EE3048A021290091815G40+0NN022WXW00034"
0 00:05:00 12.7,7.5,0.03,100
 EE302D4621291051815G28+0NN022WXW00034"
0 00:05:00 12.7,8.6,0.03,100
 EE303E3021290191815G32+0HN022WXW00034 
0 12:05:00 12.7,3.5,0.04,100
 EE30467221290201815G38+0NN022WXW00034 
0 12:05:00 12.7,3.2,0.03,100
 EE3048A021290211815G40+0NN022WXW00034 
0 12:05:00 12.6,1.9,0.03,100
 EE302D4621291171815G28+0NN022WXW00034 
0 12:05:00 12.7,2.2,0.03,100
 EE303E3021291071815G30+0NN022WXW00034"
0 00:05:00 12.7,8.8,0.03,100
 EE30467221291081815G36+0NN022WXW00034"
0 00:05:00 12.7,8.5,0.03,100
 EE3048A021291091815G41+0NN022WXW00034"
0 00:05:00 12.7,8.8,0.03,100
 EE302D4621292051815G27+0NN022WXW00034"
0 00:05:00 12.7,8.3,0.03,100
 EE303E3021291191815G32+0NN022WXW00034 
0 12:05:00 12.7,3.5,0.03,100
 EE30467221291201815G37+0NN022WXW00034 
0 12:05:00 12.7,2.5,0.03,100
 EE3048A021291211815G40+0NN022WXW00034 
0 12:05:00 12.6,0.9,0.03,100
 EE302D4621292171815G28+0HN022WXW00034 
0 12:05:00 12.7,1.5,0.04,100
 EE303E3021292071815G30+0HN022WXW00034"
0 00:05:00 12.7,7.6,0.03,100
 EE30467221292081815G37+0NN022WXW00034"
0 00:05:00 12.7,7.3,0.03,100
 EE3048A021292091815G41+0NN022WXW00034"
0 00:05:00 12.7,7.8,0.03,100
 EE302D4621293051815G26+0NN022WXW00034"
0 00:05:00 12.7,7.9,0.03,100
 EE303E3021292191815G31+0NN022WXW00034 
0 12:05:00 12.7,2.6,0.03,100
 EE30467221292201815G38+0NN022WXW00034 
0 12:05:00 12.7,2.9,0.03,100
 EE3048A021292211815G40+0NN022WXW00034 
0 12:05:00 12.6,0.9,0.03,100
 EE302D4621293171815G28+0HN022WXW00034 
0 12:05:00 12.7,2.9,0.03,100
 EE303E3021293071815G30+0NN022WXW00034"
0 00:05:00 12.7,7.2,0.03,100
 EE30467221293081815G37+0NN022WXW00034"
0 00:05:00 12.7,7.8,0.03,100
 EE3048A021293091815G41+0NN022WXW00034"
0 00:05:00 12.7,8.1,0.03,100
 EE302D4621294051815G28+0NN022WXW00034"
0 00:05:00 12.7,6.7,0.08,100
 EE303E3021293191815G29+0NN022WXW00034 
0 12:05:00 12.7,4.0,0.04,100
 EE30467221293201815G37+0NN022WXW00034 
0 12:05:00 12.7,4.8,0.03,100
 EE3048A021293211815G41+0NN022WXW00034 
0 12:05:00 12.6,3.0,0.03,100
 EE302D4621294171814G28+0NN022WUB00034 
0 12:05:00 12.7,3.7,0.05,100
 EE303E3021294071815G30+0NN022WXW00034"
0 00:05:00 12.7,6.4,0.05,100
 EE30467221294081815G36+0NN022WXW00034"
0 00:05:00 12.7,4.1,0.05,100
 EE3048A021294091815G41+0NN022WXW00034"
0 00:05:00 12.7,3.6,0.05,100
 EE302D4621295051815G28+0NN022WXW00034"
0 00:05:00 12.7,7.2,0.03,100
 EE303E3021294191815G32+0HN022WXW00034 
0 12:05:00 12.7,4.0,0.03,100
 EE30467221294201815G37+0NN022WXW00034 
0 12:05:00 12.7,0.4,0.04,100
 EE3048A021294211815G41+0NN022WXW00035 
0 12:05:00 12.6,-0.7,0.04,100
 EE302D4621295171815G28+0HN022WXW00034 
0 12:05:00 12.7,5.3,0.04,100
 EE303E3021295071815G29+0HN022WXW00034"
0 00:05:00 12.7,6.9,0.03,100
 EE30467221295081815G37+0NN022WXW00034"
0 00:05:00 12.7,5.0,0.04,100
 EE3048A021295091815G41+0NN022WXW00034"
0 00:05:00 12.7,4.5,0.03,100
 EE302D4621296051815G27+0HN022WXW00034"
0 00:05:00 12.7,7.4,0.04,100
 EE303E3021295191815G32+0HN022WXW00034 
0 12:05:00 12.7,5.7,0.03,100
 EE30467221295201815G36+0NN022WXW00034 
0 12:05:00 12.7,5.5,0.08,100
 EE3048A021295211815G41+0NN022WXW00034 
0 12:05:00 12.6,4.9,0.08,100
 EE302D4621296171815G28+0HN022WXW00034 
0 12:05:00 12.7,5.1,0.05,100
 EE303E3021296071815G28+0HN022WXW00034"
0 00:05:00 12.7,6.6,0.05,100
 EE30467221296081815G36+0NN022WXW00034"
0 00:05:00 12.7,4.6,0.08,100
 EE3048A021296091815G41+0NN022WXW00034"
0 00:05:00 12.6,4.2,0.09,100
 EE302D4621297051815G27+0HN022WXW00034"
0 00:05:00 12.7,5.3,0.04,100
 EE303E3021296191815G33+0HN022WXW00034 
0 12:05:00 12.7,4.2,0.04,100
 EE30467221296201815G36+0NN022WXW00034 
0 12:05:00 12.7,0.4,0.05,100
 EE3048A021296211815G41+0NN022WXW00035 
0 12:05:00 12.6,-0.3,0.06,100
 EE302D4621297171815G28+0HN022WXW00034 
0 12:05:00 12.7,4.8,0.04,100
 EE303E3021297071815G28+0HN022WXW00034"
0 00:05:00 12.7,4.3,0.04,100
 EE30467221297081815G37+0NN022WXW00034"
0 00:05:00 12.7,2.5,0.04,100
 EE3048A021297091815G41+0NN022WXW00034"
0 00:05:00 12.7,2.3,0.04,100
 EE302D4621298051815G28+0HN022WXW00034"
0 00:05:00 12.6,5.5,0.05,100
 EE303E3021297191815G32+0NN022WXW00034 
0 12:05:00 12.7,4.2,0.04,100
 EE30467221297201815G36+0NN022WXW00034 
0 12:05:00 12.7,1.6,0.05,100
 EE3048A021297211815G40+0NN022WXW00034 
0 12:05:00 12.6,1.1,0.05,100
 EE302D4621298171815G28+0HN022WXW00032 
0 12:05:00 12.6,3.7,0.13,3
 EE303E3021298071815G30+0HN022WXW00034"
0 00:05:00 12.7,4.7,0.04,100
 EE30467221298081815G34+0NN022WXW00034"
0 00:05:00 12.7,0.1,0.11,100
 EE3048A021298091815G40+0NN022WXW00035"
0 00:05:00 12.6,-0.5,0.16,100
 EE302D4621299051815G28+0NN022WXW00032"
0 00:05:00 12.6,4.8,0.06,3
 EE303E3021298191815G33+0HN022WXW00034 
0 12:05:00 12.7,3.1,0.08,100
 EE30467221298201815G35+0NN022WXW00034 
0 12:05:00 12.7,0.2,0.10,100
 EE3048A021298211815G42+0NN022WXW00033 
0 12:05:00 12.6,-0.3,0.10,1
 EE302D4621299171815G28+0HN022WXW00032 
0 12:05:00 12.6,3.9,0.06,3
 EE303E3021299071815G29+0HN022WXW00034"
0 00:05:00 12.7,4.2,0.05,100
 EE30467221299081815G35+0NN022WXW00034"
0 00:05:00 12.7,1.1,0.07,100
 EE3048A021299091815G41+0NN022WXW00032"
0 00:05:00 12.6,0.5,0.08,1
 EE302D4621300051815G26+0HN022WXW00032"
0 00:05:00 12.6,4.4,0.05,3
 EE303E3021299191815G33+0HN022WXW00034 
0 12:05:00 12.7,3.0,0.05,100
 EE30467221299201815G36+0NN022WXW00035 
0 12:05:00 12.7,-0.1,0.07,100
 EE3048A021299211815G40+0NN022WXW00033 
0 12:05:00 12.6,-0.7,0.06,1
 EE303E3021300071815G29+0NN022WXW00034"
0 00:05:00 12.7,3.5,0.04,100
 EE30467221300081815G35+0NN022WXW00034"
0 00:05:00 12.7,0.9,0.06,100
 EE3048A021300091815G41+0NN022WXW00032"
0 00:05:00 12.6,0.5,0.06,1
 EE302D4621301051815G26+0HN022WXW00032"
0 00:05:00 12.6,4.6,0.05,3
 EE303E3021300191815G31+0NN022WXW00034 
0 12:05:00 12.7,2.8,0.05,100
 EE30467221300201815G35+0NN022WXW00035 
0 12:05:00 12.7,-0.5,0.05,100
 EE3048A021300211815G41+0NN022WXW00033 
0 12:05:00 12.6,-1.0,0.06,1
 EE302D4621301171815G27+0NN022WXW00032 
0 12:05:00 12.6,3.4,0.04,3
 EE303E3021301071815G30+0HN022WXW00034"
0 00:05:00 12.7,4.2,0.04,100
 EE30467221301081815G36+0NN022WXW00034"
0 00:05:00 12.7,1.6,0.05,100
 EE3048A021301091815G41+0NN022WXW00032"
0 00:05:00 12.7,1.6,0.05,1
 EE302D4621302051815G26+0NN022WXW00032"
0 00:05:00 12.6,8.1,0.06,3
 EE303E3021301191815G33+0NN022WXW00034 
0 12:05:00 12.7,3.1,0.05,100
 EE30467221301201815G34+0NN022WXW00035 
0 12:05:00 12.7,-0.1,0.05,100
 EE3048A021301211815G39+0NN022WXW00033 
0 12:05:00 12.6,-0.5,0.05,1
 EE302D4621302171815G27+0HN022WXW00032 
0 12:05:00 12.6,9.7,0.10,3
 EE303E3021302071815G30+0NN022WXW00034"
0 00:05:00 12.7,8.3,0.05,100
 EE30467221302081815G35+0NN022WXW00034"
0 00:05:00 12.7,0.2,0.05,100
 EE3048A021302091815G40+0NN022WXW00032"
0 00:05:00 12.7,0.2,0.05,1
 EE302D4621303051815G25+0HN022WXW00032"
0 00:05:00 12.6,3.9,0.13,5
 EE303E3021302191815G34+0NN022WXW00034 
0 12:05:00 12.7,9.3,0.08,100
 EE30467221302201815G36+0NN022WXW00034 
0 12:05:00 12.7,0.6,0.06,100
 EE3048A021302211815G41+0NN022WXW00032 
0 12:05:00 12.6,0.0,0.06,1
 EE302D4621303171815G28+0HN022WXW00033 
0 12:05:00 12.6,-0.6,0.08,5
 EE303E3021303071815G33+0NN022WXW00034"
0 00:05:00 12.7,3.8,0.10,100
 EE30467221303081815G37+0NN022WXW00034"
0 00:05:00 12.6,0.2,0.06,100
 EE3048A021303091815G40+0NN022WXW00032"
0 00:05:00 12.7,0.5,0.06,1
 EE302D4621304051815G26+0HN022WXW00032"
0 00:05:00 12.6,1.1,0.06,5
 EE303E3021303191815G31+0NN022WXW00035 
0 12:05:00 12.6,-1.0,0.06,100
 EE30467221303201815G36+0NN022WXW00035 
0 12:05:00 12.6,-4.8,0.06,100
 EE3048A021303211815G40+0NN022WXW00033 
0 12:05:00 12.6,-5.2,0.05,1
 EE302D4621304171814G25+0NN022WUP00033 
0 12:05:00 12.6,-2.7,0.06,5
 EE303E3021304071815G28+0NN022WXW00034"
0 00:05:00 12.6,0.4,0.07,100
 EE30467221304081815G36+0NN022WXW00035"
0 00:05:00 12.6,-2.0,0.05,100
 EE3048A021304091815G41+0NN022WXW00033"
0 00:05:00 12.6,-1.5,0.05,1
 EE303E3021304191815G31+0HN022WXW00035 
0 12:05:00 12.6,-1.3,0.06,100
 EE30467221304201815G36+0NN022WXW00035 
0 12:05:00 12.6,-4.8,0.05,100
 EE3048A021304211815G41+0NN022WXW00033 
0 12:05:00 12.6,-5.5,0.05,1
 EE303E3021305071815G29+0HN022WXW00034"
0 00:05:00 12.6,0.9,0.06,100
 EE30467221305081815G38+0NN022WXW00035"
0 00:05:00 12.6,-1.7,0.05,100
 EE3048A021305091815G42+0NN022WXW00033"
0 00:05:00 12.6,-1.5,0.04,1
 EE303E3021305191815G29+0HN022WXW00035 
0 12:05:00 12.6,-2.7,0.06,100
 EE30467221305201815G36+0NN022WXW00035 
0 12:05:00 12.6,-4.3,0.04,100
 EE3048A021305211815G40+0NN022WXW00033 
0 12:05:00 12.6,-5.2,0.04,1
 EE302D4621306171815G26+0HN022WXW00033 
0 12:05:00 12.6,-0.6,0.04,5
 EE303E3021306071815G28+0HN022WXW00034"
0 00:05:00 12.6,0.1,0.06,100
 EE30467221306081815G36+0NN022WXW00034"
0 00:05:00 12.6,1.1,0.04,100
 EE3048A021306091815G41+0NN022WXW00032"
0 00:05:00 12.7,0.9,0.04,1
 EE303E3021306191815G31+0NN022WXW00034 
0 12:05:00 12.6,0.1,0.06,100
 EE30467221306201815G38+0NN022WXW00035 
0 12:05:00 12.6,-0.5,0.04,100
 EE3048A021306211815G41+0NN022WXW00033 
0 12:05:00 12.6,-1.0,0.04,1
 EE302D4621307171815G26+0HN022WXW00032 
0 12:05:00 12.5,0.8,0.04,5
 EE303E3021307071815G28+0HN022WXW00034"
0 00:05:00 12.6,3.0,0.05,100
 EE30467221307081815G36+0NN022WXW00034"
0 00:05:00 12.7,0.1,0.04,100
 EE3048A021307091815G41+0NN022WXW00033"
0 00:05:00 12.6,-0.3,0.05,1
 EE302D4621308051815G27+0HN022WXW00032"
0 00:05:00 12.6,4.8,0.04,5
 EE303E3021307191815G30+0HN022WXW00034 
0 12:05:00 12.7,2.8,0.05,100
 EE30467221307201815G37+0NN022WXW00035 
0 12:05:00 12.7,-0.3,0.05,100
 EE3048A021307211815G41+0NN022WXW00033 
0 12:05:00 12.6,-0.9,0.04,1
 EE302D4621308171815G26+0HN022WXW00032 
0 12:05:00 12.5,2.5,0.04,5
 EE303E3021308071815G29+0NN022WXW00034"
0 00:05:00 12.7,5.7,0.05,100
 EE30467221308081815G36+0NN022WXW00034"
0 00:05:00 12.7,2.0,0.05,100
 EE3048A021308091815G41+0NN022WXW00032"
0 00:05:00 12.7,1.9,0.05,1
 EE302D4621309051815G27+0NN022WXW00032"
0 00:05:00 12.5,6.3,0.14,5
 EE303E3021308191815G31+0HN022WXW00034 
0 12:05:00 12.7,3.8,0.05,100
 EE30467221308201815G37+0NN022WXW00034 
0 12:05:00 12.7,2.3,0.06,100
 EE3048A021308211815G41+0NN022WXW00032 
0 12:05:00 12.6,2.1,0.06,1
 EE302D4621309171815G26+0NN022WXW00032 
0 12:05:00 12.5,3.0,0.13,7
 EE303E3021309071815G31+0HN022WXW00034"
0 00:05:00 12.7,6.2,0.08,100
 EE30467221309081815G36+0NN022WXW00034"
0 00:05:00 12.7,2.3,0.09,100
 EE3048A021309091815G41+0NN022WXW00032"
0 00:05:00 12.6,2.1,0.09,1
 EE302D4621310051815G26+0HN022WXW00032"
0 00:05:00 12.5,4.1,0.12,7
 EE303E3021309191815G30+0HN022WXW00034 
0 12:05:00 12.7,2.5,0.08,100
 EE30467221309201815G37+0NN022WXW00035 
0 12:05:00 12.7,-0.3,0.07,100
 EE3048A021309211815G41+0NN022WXW00033 
0 12:05:00 12.6,-0.9,0.06,1
 EE302D4621310171815G26+0HN022WXW00032 
0 12:05:00 12.5,1.8,0.09,7
 EE303E3021310071815G28+0HN022WXW00034"
0 00:05:00 12.7,3.3,0.07,100
 EE30467221310081815G36+0NN022WXW00035"
0 00:05:00 12.6,-0.3,0.06,100
 EE3048A021310091815G40+0NN022WXW00033"
0 00:05:00 12.6,-0.7,0.05,1
 EE303E3021310191815G32+0NN022WXW00034 
0 12:05:00 12.6,1.3,0.06,100
 EE30467221310201815G38+0NN022WXW00035 
0 12:05:00 12.6,-2.6,0.06,100
 EE3048A021310211815G40+0NN022WXW00033 
0 12:05:00 12.6,-3.3,0.05,1
 EE302D4621311171815G27+0NN022WXW00033 
0 12:05:00 12.5,-0.3,0.07,7
 EE303E3021311191815G31+0HN022WXW00035 
0 12:05:00 12.6,-0.8,0.06,100
 EE30467221311081815G38+0NN022WXW00035"
0 00:05:00 12.6,-1.5,0.06,100
 EE3048A021311091815G41+0NN022WXW00033"
0 00:05:00 12.6,-1.9,0.05,1
 EE303E3021312071815G28+0HN022WXW00035"
0 00:05:00 12.6,-0.3,0.05,100
 EE30467221311201815G38+0NN022WXW00035 
0 12:05:00 12.6,-5.4,0.05,100
 EE3048A021311211815G41+0NN022WXW00033 
0 12:05:00 12.6,-6.4,0.05,1
 EE303E3021312191815G31+0NN022WXW00035 
0 12:05:00 12.6,-0.1,0.05,100
 EE30467221312081815G38+0NN022WXW00035"
0 00:05:00 12.6,-2.6,0.05,100
 EE3048A021312091815G41+0NN022WXW00033"
0 00:05:00 12.6,-3.1,0.04,1
 EE303E3021313071815G30+0NN022WXW00035"
0 00:05:00 12.6,-0.1,0.05,100
 EE30467221312201815G39+0NN022WXW00035 
0 12:05:00 12.6,-5.4,0.05,100
 EE3048A021312211815G40+0NN022WXW00033 
0 12:05:00 12.6,-5.9,0.05,1
 EE302D4621313171815G29+0NN022WXW00033 
0 12:05:00 12.5,-1.9,0.05,7
 EE303E3021313191815G31+0HN022WXW00035 
0 12:05:00 12.6,-2.3,0.04,100
 EE30467221313081815G38+0NN022WXW00035"
0 00:05:00 12.6,-2.6,0.05,100
 EE3048A021313091815G40+0NN022WXW00033"
0 00:05:00 12.6,-2.8,0.04,1
 EE302D4621314051815G28+0NN022WXW00032"
0 00:05:00 12.5,0.2,0.14,7
 EE303E3021314071815G30+0NN022WXW00034"
0 00:05:00 12.6,0.2,0.08,100
 EE30467221313201815G38+0NN022WXW00035 
0 12:05:00 12.6,-3.3,0.05,100
 EE3048A021313211815G40+0NN022WXW00033 
0 12:05:00 12.6,-3.8,0.04,1
 EE303E3021314191815G31+0HN022WXW00035 
0 12:05:00 12.6,-1.1,0.06,100
 EE30467221314081815G38+0NN022WXW00035"
0 00:05:00 12.6,-2.4,0.04,100
 EE3048A021314091815G40+0NN022WXW00033"
0 00:05:00 12.6,-2.6,0.04,1
 EE303E3021315071815G29+0NN022WXW00035"
0 00:05:00 12.6,-1.0,0.06,100
 EE30467221314201815G38+0NN022WXW00035 
0 12:05:00 12.6,-4.8,0.04,100
 EE3048A021314211815G41+0NN022WXW00033 
0 12:05:00 12.6,-5.0,0.04,1
 EE302D4621315171814G29+0NN022WUP00033 
0 12:05:00 12.5,-1.2,0.06,7
 EE303E3021315191815G32+0HN022WXW00035 
0 12:05:00 12.6,-1.6,0.05,100
 EE30467221315081815G38+0NN022WXW00035"
0 00:05:00 12.6,-3.1,0.05,100
 EE3048A021315091815G40+0NN022WXW00033"
0 00:05:00 12.6,-3.1,0.04,1
 EE302D4621316051815G27+0NN022WXW00033"
0 00:05:00 12.4,-0.3,0.06,7
 EE303E3021316071815G30+0NN022WXW00035"
0 00:05:00 12.6,-1.0,0.05,100
 EE30467221315201815G38+0NN022WXW00035 
0 12:05:00 12.6,-3.4,0.05,100
 EE3048A021315211815G40+0NN022WXW00033 
0 12:05:00 12.6,-3.8,0.04,1
 EE302D4621316171815G26+0NN022WXW00033 
0 12:05:00 12.4,-0.3,0.14,7
 EE303E3021316191815G32+0NN022WXW00035 
0 12:05:00 12.6,-0.6,0.11,100
 EE30467221316081815G38+0NN022WXW00035"
0 00:05:00 12.6,-1.9,0.04,100
 EE3048A021316091815G41+0NN022WXW00033"
0 00:05:00 12.6,-2.1,0.04,1
 EE302D4621317051815G27+0NN022WXW00032"
0 00:05:00 12.4,4.8,0.20,7
 EE303E3021317071815G30+0HN022WXW00034"
0 00:05:00 12.6,4.7,0.15,100
 EE30467221316201815G37+0NN022WXW00035 
0 12:05:00 12.6,-1.2,0.05,100
 EE3048A021316211815G40+0NN022WXW00033 
0 12:05:00 12.6,-1.5,0.04,1
 EE302D4621317171815G27+0HN022WXW00032 
0 12:05:00 12.5,2.7,0.12,7
 EE303E3021317191815G31+0NN022WXW00034 
0 12:05:00 12.6,1.9,0.11,100
 EE30467221317081815G35+0NN022WXW00035"
0 00:05:00 12.6,-0.1,0.05,100
 EE3048A021317091815G42+0NN022WXW00033"
0 00:05:00 12.6,-0.5,0.05,1
 EE302D4621318051815G28+0HN022WXW00032"
0 00:05:00 12.4,3.2,0.09,7
 EE303E3021318071815G30+0HN022WXW00034"
0 00:05:00 12.6,2.3,0.09,100
 EE30467221317201815G37+0NN022WXW00035 
0 12:05:00 12.6,-1.7,0.05,100
 EE3048A021317211815G41+0NN022WXW00033 
0 12:05:00 12.6,-2.2,0.04,1
 EE302D4621318171815G28+0HN022WXW00032 
0 12:05:00 12.4,2.9,0.20,7
 EE303E3021318191815G30+0HN022WXW00034 
0 12:05:00 12.6,4.7,0.15,100
 EE30467221318081815G38+0NN022WXW00035"
0 00:05:00 12.6,-0.8,0.05,100
 EE3048A021318091815G41+0NN022WXW00033"
0 00:05:00 12.6,-1.4,0.05,1
 EE303E3021319071815G27+0NN022WXW00034"
0 00:05:00 12.7,8.6,0.12,100
 EE30467221318201815G36+0NN022WXW00035 
0 12:05:00 12.6,-1.7,0.05,100
 EE3048A021318211815G40+0NN022WXW00033 
0 12:05:00 12.6,-2.1,0.04,1
 EE302D4621319171815G28+0HN022WXW00032 
0 12:05:00 12.5,7.7,0.10,7
 EE303E3021319191815G29+0NN022WXW00034 
0 12:05:00 12.7,6.9,0.10,100
 EE30467221319081815G37+0NN022WXW00034"
0 00:05:00 12.6,1.1,0.06,100
 EE3048A021319091815G40+0NN022WXW00032"
0 00:05:00 12.6,1.1,0.07,1
 EE302D4621320051815G25-0HN022WXW00032"
0 00:05:00 12.5,7.6,0.08,7
 EE303E3021320071815G27+0HN022WXW00034"
0 00:05:00 12.7,7.9,0.09,100
 EE30467221319201815G37+0NN022WXW00034 
0 12:05:00 12.6,0.6,0.07,100
 EE3048A021319211815G41+0NN022WXW00032 
0 12:05:00 12.6,0.0,0.07,1
 EE302D4621320171815G27-0HN022WXW00033 
0 12:05:00 12.4,-0.5,0.08,7
 EE303E3021320191815G31+0HN022WXW00035 
0 12:05:00 12.6,-1.0,0.10,100
 EE30467221320081815G37+0NN022WXW00034"
0 00:05:00 12.6,1.8,0.08,100
 EE3048A021320091815G40+0NN022WXW00032"
0 00:05:00 12.6,1.4,0.08,1
 EE302D4621321051815G27+0HN022WXW00033"
0 00:05:00 12.4,-0.6,0.08,7
 EE303E3021321071815G31+0HN022WXW00035"
0 00:05:00 12.6,-1.6,0.10,100
 EE30467221320201815G37+0NN022WXW00035 
0 12:05:00 12.6,-5.0,0.08,100
 EE3048A021320211815G40+0NN022WXW00033 
0 12:05:00 12.6,-5.0,0.07,1
 EE303E3021321191815G30+0HN022WXW00035 
0 12:05:00 12.6,-5.1,0.09,100
 EE30467221321081815G38+0NN022WXW00035"
0 00:05:00 12.6,-3.3,0.06,100
 EE3048A021321091815G41+0NN022WXW00033"
0 00:05:00 12.6,-3.3,0.05,1
 EE303E3021322071815G32+0NN022WXW00035"
0 00:05:00 12.6,-3.2,0.08,100
 EE30467221321201815G39+0NN022WXW00035 
0 12:05:00 12.6,-8.3,0.06,100
 EE3048A021321211815G40+0NN022WXW00033 
0 12:05:00 12.6,-9.0,0.06,1
 EE303E3021322191815G33+0NN022WXW00035 
0 12:05:00 12.6,-4.4,0.08,100
 EE30467221322081815G38+0NN022WXW00035"
0 00:05:00 12.6,-4.3,0.06,100
 EE3048A021322091815G40+0NN022WXW00033"
0 00:05:00 12.6,-4.7,0.07,1
 EE303E3021323071815G33+0NN022WXW00035"
0 00:05:00 12.6,-2.7,0.07,100
 EE30467221322201815G39+0NN022WXW00035 
0 12:05:00 12.6,-6.2,0.05,100
 EE3048A021322211815G40+0NN022WXW00033 
0 12:05:00 12.6,-6.6,0.11,1
 EE303E3021323191815G36+0NN022WXW00035 
0 12:05:00 12.6,-1.5,0.08,100
 EE30467221323081815G38+0NN022WXW00035"
0 00:05:00 12.6,-4.7,0.05,100
 EE3048A021323091815G41+0NN022WXW00033"
0 00:05:00 12.6,-5.2,0.13,1
 EE303E3021324071815G36+0HN022WXW00035"
0 00:05:00 12.6,-1.1,0.08,100
 EE30467221323201815G38+0NN022WXW00035 
0 12:05:00 12.6,-5.0,0.05,100
 EE3048A021323211815G41+0NN022WXW00033 
0 12:05:00 12.6,-5.5,0.12,1
 EE303E3021324191815G37+0NN022WXW00035 
0 12:05:00 12.6,-2.0,0.07,100
 EE30467221324081815G38+0NN022WXW00035"
0 00:05:00 12.6,-3.6,0.05,100
 EE3048A021324091815G41+0NN022WXW00033"
0 00:05:00 12.6,-3.6,0.18,1
 EE303E3021325071815G36+0HN022WXW00035"
0 00:05:00 12.6,-1.6,0.07,100
 EE30467221324201815G38+0NN022WXW00035 
0 12:05:00 12.6,-5.4,0.05,100
 EE3048A021324211815G41+0NN022WXW00033 
0 12:05:00 12.6,-6.4,0.14,1
 EE303E3021325191815G37+0NN022WXW00035 
0 12:05:00 12.6,-2.2,0.07,100
 EE30467221325081815G38+0NN022WXW00035"
0 00:05:00 12.6,-4.1,0.05,100
 EE3048A021325091815G41+0NN022WXW00033"
0 00:05:00 12.6,-4.3,0.15,1
 EE303E3021326071815G36+0NN022WXW00035"
0 00:05:00 12.6,-1.1,0.07,100
 EE30467221325201815G38+0NN022WXW00035 
0 12:05:00 12.6,-5.5,0.05,100
 EE3048A021325211815G41+0NN022WXW00033 
0 12:05:00 12.6,-6.2,0.18,1
 EE303E3021326191815G37+0NN022WXW00035 
0 12:05:00 12.6,-2.8,0.07,100
 EE30467221326081815G38+0NN022WXW00035"
0 00:05:00 12.6,-3.3,0.05,100
 EE3048A021326091815G41+0NN022WXW00033"
0 00:05:00 12.6,-3.6,0.15,1
 EE303E3021327071815G33+0NN022WXW00035"
0 00:05:00 12.6,-1.3,0.07,100
 EE30467221326201815G38+0NN022WXW00035 
0 12:05:00 12.6,-4.3,0.04,100
 EE3048A021326211815G41+0NN022WXW00033 
0 12:05:00 12.6,-4.7,0.15,1
 EE302D4621327171815G27+0NN022WXW00033 
0 12:05:00 12.3,-0.8,0.06,7
 EE303E3021327191815G38+0NN022WXW00035 
0 12:05:00 12.6,-1.0,0.07,100
 EE30467221327081815G38+0NN022WXW00035"
0 00:05:00 12.6,-3.4,0.04,100
 EE3048A021327091815G41+0NN022WXW00033"
0 00:05:00 12.6,-3.4,0.16,1
 EE302D4621328051815G27+0HN022WXW00033"
0 00:05:00 12.3,-0.6,0.07,7
 EE303E3021328071815G39+0NN022WXW00035"
0 00:05:00 12.6,-1.6,0.07,100
 EE30467221327201815G38+0NN022WXW00035 
0 12:05:00 12.6,-2.9,0.05,100
 EE3048A021327211815G41+0NN022WXW00033 
0 12:05:00 12.6,-3.8,0.17,1
 EE303E3021328191815G40+0NN022WXW00035 
0 12:05:00 12.6,-4.2,0.07,100
 EE30467221328081815G37+0NN022WXW00035"
0 00:05:00 12.6,-2.2,0.04,100
 EE3048A021328091815G41+0NN022WXW00033"
0 00:05:00 12.6,-2.6,0.22,1
 EE302D4621329051815G26+0NN022WXW00033"
0 00:05:00 12.3,-1.2,0.06,7
 EE303E3021329071815G40+0NN022WXW00035"
0 00:05:00 12.6,-2.3,0.06,100
 EE30467221328201815G38+0NN022WXW00035 
0 12:05:00 12.6,-6.9,0.05,100
 EE3048A021328211815G41+0NN022WXW00033 
0 12:05:00 12.6,-7.6,0.23,1
 EE302D4621329171815G26+0HN022WXW00033 
0 12:05:00 12.3,-2.2,0.06,7
 EE303E3021329191815G40+0NN022WXW00035 
0 12:05:00 12.6,-3.0,0.07,100
 EE30467221329081815G38+0NN022WXW00035"
0 00:05:00 12.6,-3.4,0.04,100
 EE3048A021329091815G41+0NN022WXW00033"
0 00:05:00 12.6,-3.8,0.23,1
 EE303E3021330071815G37+0NN022WXW00035"
0 00:05:00 12.6,-1.0,0.06,100
 EE30467221329201815G38+0NN022WXW00035 
0 12:05:00 12.6,-4.3,0.05,100
 EE3048A021329211815G41+0NN022WXW00033 
0 12:05:00 12.6,-5.0,0.24,1
 EE303E3021330191815G33+0HN022WXW00035 
0 12:05:00 12.6,-1.0,0.07,100
 EE30467221330081815G37+0NN022WXW00035"
0 00:05:00 12.6,-3.4,0.04,100
 EE3048A021330091815G41+0NN022WXW00033"
0 00:05:00 12.6,-4.0,0.28,1
 EE303E3021331071815G29+0NN022WXW00035"
0 00:05:00 12.6,-0.6,0.08,100
 EE30467221330201815G35+0HN022WXW00035 
0 12:05:00 12.6,-2.7,0.04,100
 EE3048A021330211815G41+0NN022WXW00033 
0 12:05:00 12.6,-3.3,0.27,1
 EE302D4621331171815G27+0HN022WXW00033 
0 12:05:00 12.3,-0.6,0.09,7
 EE303E3021331191815G31+0HN022WXW00035 
0 12:05:00 12.6,-0.6,0.08,100
 EE30467221331081815G35+0NN022WXW00035"
0 00:05:00 12.6,-0.5,0.04,100
 EE3048A021331091815G41+0NN022WXW00033"
0 00:05:00 12.6,-0.5,0.28,1
 EE302D4621332051815G27+0HN022WXW00033"
0 00:05:00 12.3,-0.3,0.10,7
 EE303E3021332071815G31+0HN022WXW00035"
0 00:05:00 12.6,-0.4,0.08,100
 EE30467221331201815G37+0NN022WXW00035 
0 12:05:00 12.6,-0.8,0.04,100
 EE3048A021331211815G41+0NN022WXW00033 
0 12:05:00 12.6,-1.5,0.30,1
 EE302D4621332171815G29+0HN022WXW00032 
0 12:05:00 12.3,2.0,0.21,7
 EE303E3021332191815G31+0NN022WXW00032 
0 12:05:00 12.6,3.3,0.17,1
 EE30467221332081815G36+0NN022WXW00035"
0 00:05:00 12.6,-0.1,0.04,100
 EE3048A021332091815G41+0NN022WXW00033"
0 00:05:00 12.6,-0.5,0.29,1
 EE302D4621333051815G26+0HN022WXW00032"
0 00:05:00 12.3,3.9,0.16,7
 EE303E3021333071815G28+0HN022WXW00032"
0 00:05:00 12.6,3.3,0.14,1
 EE30467221332201815G37+0NN022WXW00035 
0 12:05:00 12.6,-0.3,0.04,100
 EE3048A021332211815G41+0NN022WXW00033 
0 12:05:00 12.6,-0.9,0.27,1
 EE302D4621333171815G30+0NN022WXW00032 
0 12:05:00 12.3,2.9,0.13,7
 EE303E3021333191815G30+0HN022WXW00032 
0 12:05:00 12.6,1.4,0.13,1
 EE30467221333081815G37+0NN022WXW00034"
0 00:05:00 12.6,0.8,0.05,100
 EE3048A021333091815G41+0NN022WXW00032"
0 00:05:00 12.6,0.2,0.28,1
 EE302D4621334051815G28+0HN022WXW00032"
0 00:05:00 12.3,3.7,0.10,7
 EE303E3021334071815G30+0HN022WXW00032"
0 00:05:00 12.6,2.1,0.12,1
 EE30467221333201815G37+0NN022WXW00035 
0 12:05:00 12.6,-0.5,0.04,100
 EE3048A021333211815G40+0NN022WXW00033 
0 12:05:00 12.6,-1.0,0.27,1
 EE302D4621334171815G30+0NN022WXW00032 
0 12:05:00 12.3,4.4,0.09,7
 EE303E3021334191815G31+0NN022WXW00032 
0 12:05:00 12.6,2.8,0.11,1
 EE30467221334081815G36+0NN022WXW00034"
0 00:05:00 12.6,0.2,0.04,100
 EE3048A021334091815G41+0NN022WXW00033"
0 00:05:00 12.6,-0.3,0.27,1
 EE302D4621335051815G29+0NN022WXW00032"
0 00:05:00 12.3,5.1,0.08,7
 EE303E3021335071815G29+0HN022WXW00032"
0 00:05:00 12.6,4.2,0.10,1
 EE30467221334201815G38+0NN022WXW00035 
0 12:05:00 12.6,-0.1,0.04,100
 EE3048A021334211815G41+0NN022WXW00033 
0 12:05:00 12.6,-0.7,0.26,1
 EE302D4621335171815G30+0NN022WXW00032 
0 12:05:00 12.3,6.5,0.08,7
 EE303E3021335191815G30+0NN022WXW00032 
0 12:05:00 12.6,5.2,0.10,1
 EE30467221335081815G37+0NN022WXW00034"
0 00:05:00 12.6,1.5,0.04,100
 EE3048A021335091815G41+0NN022WXW00032"
0 00:05:00 12.6,1.1,0.24,1
 EE302D4621336051815G27+0NN022WXW00032"
0 00:05:00 12.3,9.0,0.08,7
 EE303E3021336071815G26+0HN022WXW00032"
0 00:05:00 12.6,8.6,0.09,1
 EE30467221335201815G37+0NN022WXW00034 
0 12:05:00 12.6,4.5,0.05,100
 EE3048A021335211815G40+0NN022WXW00032 
0 12:05:00 12.6,6.1,0.17,1
 EE302D4621336171815G29+0NN022WXW00032 
0 12:05:00 12.3,6.5,0.08,7
 EE303E3021336191815G31+0HN022WXW00032 
0 12:05:00 12.6,6.2,0.09,1
 EE30467221336081815G37+0NN022WXW00034"
0 00:05:00 12.6,8.1,0.07,100
 EE3048A021336091815G41+0NN022WXW00032"
0 00:05:00 12.6,8.3,0.07,1
 EE302D4621337051815G28+0HN022WXW00032"
0 00:05:00 12.3,5.3,0.07,7
 EE303E3021337071815G30+0NN022WXW00032"
0 00:05:00 12.6,4.7,0.09,1
 EE30467221336201815G37+0NN022WXW00034 
0 12:05:00 12.7,4.5,0.07,100
 EE3048A021336211815G41+0NN022WXW00032 
0 12:05:00 12.6,4.7,0.06,1
 EE302D4621337171815G28+0NN022WXW00033 
0 12:05:00 12.2,-1.2,0.07,7
 EE303E3021337191815G31+0NN022WXW00033 
0 12:05:00 12.6,-1.1,0.09,1
 EE30467221337081815G36+0NN022WXW00034"
0 00:05:00 12.6,0.6,0.06,100
 EE3048A021337091815G40+0NN022WXW00032"
0 00:05:00 12.6,0.5,0.06,1
 EE302D4621338051815G27+0NN022WXW00032"
0 00:05:00 12.2,0.2,0.07,7
 EE303E3021338071815G29+0HN022WXW00033"
0 00:05:00 12.6,-0.4,0.09,1
 EE30467221337201815G38+0NN022WXW00035 
0 12:05:00 12.6,-4.1,0.06,100
 EE3048A021337211815G41+0NN022WXW00033 
0 12:05:00 12.6,-4.8,0.06,1
 EE302D4621338171815G28+0NN022WXW00033 
0 12:05:00 12.2,-1.0,0.07,7
 EE303E3021338191815G35+0NN022WXW00033 
0 12:05:00 12.6,-1.3,0.08,1
 EE30467221338081815G37+0NN022WXW00035"
0 00:05:00 12.6,-3.3,0.05,100
 EE3048A021338091815G41+0NN022WXW00033"
0 00:05:00 12.6,-3.8,0.05,1
 EE302D4621339051815G28+0HN022WXW00033"
0 00:05:00 12.2,-1.2,0.07,7
 EE303E3021339071815G32+0HN022WXW00033"
0 00:05:00 12.6,-2.0,0.08,1
 EE30467221338201815G38+0NN022WXW00035 
0 12:05:00 12.6,-5.0,0.05,100
 EE3048A021338211815G41+0NN022WXW00033 
0 12:05:00 12.6,-5.5,0.05,1
 EE302D4621339171815G27+0HN022WXW00033 
0 12:05:00 12.2,-2.9,0.07,7
 EE303E3021339191815G34+0HN022WXW00033 
0 12:05:00 12.6,-3.7,0.08,1
 EE30467221339081815G38+0NN022WXW00035"
0 00:05:00 12.6,-3.4,0.05,100
 EE3048A021339091815G42+0NN022WXW00033"
0 00:05:00 12.6,-3.8,0.03,1
 EE303E3021340071815G35+0NN022WXW00033"
0 00:05:00 12.5,-6.6,0.07,1
 EE30467221339201815G38+0NN022WXW00035 
0 12:05:00 12.6,-7.5,0.06,100
 EE3048A021339211815G41+0NN022WXW00033 
0 12:05:00 12.6,-7.9,0.07,1
 EE302D4621340171815G26+0HN022WXW00033 
0 12:05:00 12.2,-5.9,0.06,7
 EE303E3021340191815G37+0HN022WXW00033 
0 12:05:00 12.6,-6.9,0.07,1
 EE30467221340081815G38+0NN022WXW00035"
0 00:05:00 12.6,-9.0,0.09,100
 EE3048A021340091815G40+0NN022WXW00033"
0 00:05:00 12.5,-9.3,0.13,1
 EE302D4621341051815G27+0HN022WXW00033"
0 00:05:00 12.2,-5.2,0.07,7
 EE303E3021341071815G37+0NN022WXW00033"
0 00:05:00 12.6,-6.1,0.07,1
 EE30467221340201815G39+0NN022WXW00035 
0 12:05:00 12.6,-9.0,0.15,100
 EE3048A021340211815G41+0NN022WXW00033 
0 12:05:00 12.5,-9.7,0.18,1
 EE302D4621341171815G28+0NN022WXW00033 
0 12:05:00 12.2,-4.8,0.06,7
 EE303E3021341191815G37+0NN022WXW00033 
0 12:05:00 12.6,-5.6,0.07,1
 EE30467221341081815G38+0NN022WXW00035"
0 00:05:00 12.6,-7.5,0.15,100
 EE3048A021341091815G40+0NN022WXW00033"
0 00:05:00 12.5,-7.8,0.18,1
 EE302D4621342051815G28+0NN022WXW00033"
0 00:05:00 12.2,-1.9,0.07,7
 EE303E3021342071815G36+0HN022WXW00033"
0 00:05:00 12.6,-2.7,0.07,1
 EE30467221341201815G38+0NN022WXW00035 
0 12:05:00 12.6,-7.8,0.09,100
 EE3048A021341211815G41+0NN022WXW00033 
0 12:05:00 12.6,-8.3,0.22,1
 EE302D4621342171815G31+0NN022WXW00033 
0 12:05:00 12.2,-0.8,0.06,7
 EE303E3021342191815G32+0HN022WXW00033 
0 12:05:00 12.6,-1.0,0.08,1
 EE30467221342081815G38+0NN022WXW00035"
0 00:05:00 12.6,-5.9,0.09,100
 EE3048A021342091815G40+0NN022WXW00033"
0 00:05:00 12.6,-6.0,0.21,1
 EE302D4621343051815G29+0NN022WXW00033"
0 00:05:00 12.2,-0.6,0.07,7
 EE303E3021343071815G35+0HN022WXW00033"
0 00:05:00 12.6,-1.3,0.07,1
 EE30467221342201815G39+0NN022WXW00035 
0 12:05:00 12.6,-7.3,0.04,100
 EE3048A021342211815G41+0NN022WXW00033 
0 12:05:00 12.5,-7.8,0.22,1
 EE302D4621343171815G30+0NN022WXW00033 
0 12:05:00 12.2,-4.0,0.06,7
 EE303E3021343191815G35+0NN022WXW00033 
0 12:05:00 12.6,-5.4,0.07,1
 EE30467221343081815G38+0NN022WXW00035"
0 00:05:00 12.6,-6.1,0.06,100
 EE3048A021343091815G40+0NN022WXW00033"
0 00:05:00 12.6,-5.9,0.22,1
 EE302D4621344051815G30+0HN022WXW00033"
0 00:05:00 12.2,-2.7,0.06,7
 EE303E3021344071815G35+0HN022WXW00033"
0 00:05:00 12.6,-4.0,0.07,1
 EE30467221343201815G38+0NN022WXW00035 
0 12:05:00 12.6,-8.9,0.11,100
 EE3048A021343211815G40+0NN022WXW00033 
0 12:05:00 12.5,-9.7,0.30,1
 EE302D4621344171815G30+0NN022WXW00033 
0 12:05:00 12.1,-5.3,0.06,7
 EE303E3021344191815G34+0NN022WXW00033 
0 12:05:00 12.6,-5.9,0.07,1
 EE30467221344081815G38+0NN022WXW00035"
0 00:05:00 12.6,-5.0,0.21,100
 EE3048A021344091815G40+0NN022WXW00033"
0 00:05:00 12.5,-5.4,0.29,1
 EE302D4621345051815G31+0HN022WXW00033"
0 00:05:00 12.2,-2.9,0.06,7
 EE303E3021345071815G34+0NN022WXW00033"
0 00:05:00 12.6,-3.9,0.07,1
 EE30467221344201815G38+0NN022WXW00036 
0 12:05:00 12.6,-10.1,0.23,100
 EE3048A021344211815G40+0NN022WXW00034 
0 12:05:00 12.5,-10.9,0.35,1
 EE303E3021345191815G36+0HN022WXW00033 
0 12:05:00 12.6,-2.2,0.07,1
 EE30467221345081815G38+0NN022WXW00035"
0 00:05:00 12.6,-5.7,0.26,100
 EE3048A021345091815G40+0NN022WXW00033"
0 00:05:00 12.5,-6.0,0.49,1
 EE303E3021346071815G34+0HN022WXW00033"
0 00:05:00 12.6,-1.0,0.07,1
 EE30467221345201815G38+0NN022WXW00035 
0 12:05:00 12.6,-4.8,0.28,100
 EE3048A021345211815G41+0NN022WXW00033 
0 12:05:00 12.6,-5.0,0.47,1
 EE302D4621346171815G30+0NN022WXW00033 
0 12:05:00 12.1,-0.6,0.08,7
 EE303E3021346191815G32+0HN022WXW00033 
0 12:05:00 12.6,-1.0,0.07,1
 EE30467221346081815G38+0NN022WXW00035"
0 00:05:00 12.6,-1.9,0.35,100
 EE3048A021346091815G40+0NN022WXW00033"
0 00:05:00 12.6,-2.2,0.48,1
 EE302D4621347051815G30+0NN022WXW00033"
0 00:05:00 12.1,-1.2,0.07,7
 EE303E3021347071815G33+0HN022WXW00033"
0 00:05:00 12.6,-1.6,0.07,1
 EE30467221346201815G39+0NN022WXW00035 
0 12:05:00 12.6,-6.9,0.10,100
 EE3048A021346211815G41+0NN022WXW00033 
0 12:05:00 12.6,-7.8,0.47,1
 EE302D4621347171815G30+0NN022WXW00033 
0 12:05:00 12.1,-3.4,0.07,7
 EE303E3021347191815G34+0HN022WXW00033 
0 12:05:00 12.6,-4.4,0.07,1
 EE30467221347081815G38+0NN022WXW00035"
0 00:05:00 12.6,-5.7,0.11,100
 EE3048A021347091815G40+0NN022WXW00033"
0 00:05:00 12.6,-5.4,0.48,1
 EE302D4621348051815G30+0NN022WXW00033"
0 00:05:00 12.1,-2.2,0.06,7
 EE303E3021348071815G33+0NN022WXW00033"
0 00:05:00 12.6,-2.8,0.07,1
 EE30467221347201815G38+0NN022WXW00035 
0 12:05:00 12.6,-5.5,0.09,100
 EE3048A021347211815G40+0NN022WXW00033 
0 12:05:00 12.5,-5.9,0.48,1
 EE302D4621348171815G28+0NN022WXW00033 
0 12:05:00 12.1,-0.8,0.06,7
 EE303E3021348191815G34+0HN022WXW00033 
0 12:05:00 12.6,-1.1,0.07,1
 EE30467221348081815G39+0NN022WXW00035"
0 00:05:00 12.6,-4.0,0.08,100
 EE3048A021348091815G40+0NN022WXW00033"
0 00:05:00 12.6,-4.3,0.48,1
 EE302D4621349051815G28+0HN022WXW00033"
0 00:05:00 12.1,-2.2,0.06,7
 EE303E3021349071815G35+0NN022WXW00033"
0 00:05:00 12.6,-3.2,0.06,1
 EE30467221348201815G39+0NN022WXW00035 
0 12:05:00 12.6,-6.1,0.07,100
 EE3048A021348211815G40+0NN022WXW00033 
0 12:05:00 12.6,-7.1,0.46,1
 EE302D4621349171815G28+0NN022WXW00033 
0 12:05:00 12.1,-7.1,0.06,7
 EE303E3021349191815G35+0HN022WXW00033 
0 12:05:00 12.6,-5.9,0.06,1
 EE30467221349081815G39+0NN022WXW00035"
0 00:05:00 12.6,-7.5,0.05,100
 EE3048A021349091815G40+0NN022WXW00033"
0 00:05:00 12.5,-7.9,0.44,1
 EE302D4621350051815G28+0HN022WXW00033"
0 00:05:00 12.1,-3.4,0.06,7
 EE303E3021350071815G36+0HN022WXW00033"
0 00:05:00 12.6,-4.0,0.06,1
 EE30467221349201815G39+0NN022WXW00036 
0 12:05:00 12.6,-11.7,0.06,100
 EE3048A021349211815G40+0NN022WXW00034 
0 12:05:00 12.5,-13.1,0.40,1
 EE302D4621350171815G28+0NN022WXW00033 
0 12:05:00 12.1,-6.9,0.07,7
 EE303E3021350191815G35+0NN022WXW00033 
0 12:05:00 12.6,-7.3,0.06,1
 EE30467221350081815G39+0NN022WXW00035"
0 00:05:00 12.6,-7.8,0.06,100
 EE3048A021350091815G40+0NN022WXW00033"
0 00:05:00 12.5,-8.1,0.42,1
 EE303E3021351071815G36+0NN022WXW00033"
0 00:05:00 12.6,-4.9,0.10,1
 EE30467221350201815G40+0NN022WXW00035 
0 12:05:00 12.6,-8.7,0.05,100
 EE3048A021350211815G40+0NN022WXW00033 
0 12:05:00 12.5,-9.2,0.39,1
 EE303E3021351191815G36+0NN022WXW00034 
0 12:05:00 12.5,-10.7,0.07,1
 EE30467221351081815G40+0NN022WXW00035"
0 00:05:00 12.6,-8.0,0.05,100
 EE3048A021351091815G40+0NN022WXW00033"
0 00:05:00 12.5,-8.3,0.40,1
 EE303E3021352071815G36+0NN022WXW00034"
0 00:05:00 12.5,-10.0,0.11,1
 EE30467221351201815G39+0NN022WXW00036 
0 12:05:00 12.5,-14.3,0.06,100
 EE3048A021351211815G40+0NN022WXW00034 
0 12:05:00 12.5,-15.4,0.42,1
 EE303E3021352191815G36+0HN022WXW00033 
0 12:05:00 12.5,-9.2,0.14,1
 EE30467221352081815G40+0NN022WXW00036"
0 00:05:00 12.5,-11.1,0.05,100
 EE3048A021352091815G40+0NN022WXW00034"
0 00:05:00 12.5,-11.4,0.41,1
 EE303E3021353071815G32+0NN022WXW00033"
0 00:05:00 12.5,-4.4,0.15,1
 EE30467221352201815G39+0NN022WXW00036 
0 12:05:00 12.5,-11.7,0.05,100
 EE3048A021352211815G40+0NN022WXW00034 
0 12:05:00 12.5,-11.9,0.39,1
 EE303E3021353191815G35+0NN022WXW00033 
0 12:05:00 12.6,-1.5,0.31,1
 EE30467221353081815G40+0NN022WXW00035"
0 00:05:00 12.5,-9.4,0.03,100
 EE3048A021353091815G40+0NN022WXW00033"
0 00:05:00 12.5,-9.9,0.38,1
 EE303E3021354071815G36+0NN022WXW00033"
0 00:05:00 12.6,-2.3,0.06,1
 EE30467221353201815G40+0NN022WXW00036 
0 12:05:00 12.6,-10.1,0.02,100
 EE3048A021353211815G40+0NN022WXW00034 
0 12:05:00 12.5,-11.1,0.38,1
 EE303E3021354191815G36+0NN022WXW00033 
0 12:05:00 12.5,-6.6,0.07,1
 EE30467221354081815G40+0NN022WXW00035"
0 00:05:00 12.5,-7.6,0.03,100
 EE3048A021354091815G39+0NN022WXW00033"
0 00:05:00 12.5,-8.1,0.39,1
 